269797
471821
693661
425944
547559
573064
1435377
402880
523850
333146
644281
362976
415426
228908
187420
1028567
797210
877455
990316
573063
272557
666510
579137
1104324
246969
694430
795797
1184251
399550
647113
523846
79929
768679
572546
410359
867904
683735
429572
633148
478009
1236689
374847
368408
485914
1241935
1041930
1028566
1201294
1033806
399549
1229909
426118
224719
634498
930945
439481
397948
414004
589924
868131
593750
930943
439386
273075
416348
490899
694429
368407
679926
70601
69014
1053692
604354
419665
1042877
224325
698757
1333523
523841
547558
426368
593117
190192
273063
342949
1236903
330779
765177
999630
396359
583356
456442
453591
1417673
543526
427318
406552
933801
178306
186497
163003
1198449
1183377
555311
391623
309800
572478
444158
673860
243232
456320
634497
272569
523849
351160
64091
304371
406327
1006006
1295009
1054217
768065
797303
263820
644295
1229908
340102
188937
268739
444157
1094980
797302
410358
348780
1379702
521011
519442
469382
420247
1051631
267377
768672
797304
1163730
1110509
591019
273057
985053
339860
117575
880724
384616
529709
192952
977801
1365176
1185654
259564
427317
436308
272844
756883
1056495
349307
273116
679901
419942
323259
387631
311458
1237085
